Global_LB: 96.5
Global_UB: 97.0
Gap: 0.005154639175257732
Time: 28.447582721710205 seconds
Construction: [1.0, 1.0, 1.0, 0.0, 0.0, 1.0, 0.0, 1.0, 1.0, 1.0]
