Global_LB: 79.5
Global_UB: 80.0
Gap: 0.00625
Time: 28.428658485412598 seconds
Construction: [1.0, 1.0, 1.0, 1.0, 0.0, 1.0, 0.0, 1.0, 1.0, 0.0]
